xof 0303txt 0032
template ColorRGBA {
 <35ff44e0-6c7c-11cf-8f52-0040333594a3>
 FLOAT red;
 FLOAT green;
 FLOAT blue;
 FLOAT alpha;
}

template ColorRGB {
 <d3e16e81-7835-11cf-8f52-0040333594a3>
 FLOAT red;
 FLOAT green;
 FLOAT blue;
}

template Material {
 <3d82ab4d-62da-11cf-ab39-0020af71e433>
 ColorRGBA faceColor;
 FLOAT power;
 ColorRGB specularColor;
 ColorRGB emissiveColor;
 [...]
}

template TextureFilename {
 <a42790e1-7810-11cf-8f52-0040333594a3>
 STRING filename;
}

template Frame {
 <3d82ab46-62da-11cf-ab39-0020af71e433>
 [...]
}

template Matrix4x4 {
 <f6f23f45-7686-11cf-8f52-0040333594a3>
 array FLOAT matrix[16];
}

template FrameTransformMatrix {
 <f6f23f41-7686-11cf-8f52-0040333594a3>
 Matrix4x4 frameMatrix;
}

template Vector {
 <3d82ab5e-62da-11cf-ab39-0020af71e433>
 FLOAT x;
 FLOAT y;
 FLOAT z;
}

template MeshFace {
 <3d82ab5f-62da-11cf-ab39-0020af71e433>
 DWORD nFaceVertexIndices;
 array DWORD faceVertexIndices[nFaceVertexIndices];
}

template Mesh {
 <3d82ab44-62da-11cf-ab39-0020af71e433>
 DWORD nVertices;
 array Vector vertices[nVertices];
 DWORD nFaces;
 array MeshFace faces[nFaces];
 [...]
}

template MeshNormals {
 <f6f23f43-7686-11cf-8f52-0040333594a3>
 DWORD nNormals;
 array Vector normals[nNormals];
 DWORD nFaceNormals;
 array MeshFace faceNormals[nFaceNormals];
}

template MeshMaterialList {
 <f6f23f42-7686-11cf-8f52-0040333594a3>
 DWORD nMaterials;
 DWORD nFaceIndexes;
 array DWORD faceIndexes[nFaceIndexes];
 [Material <3d82ab4d-62da-11cf-ab39-0020af71e433>]
}

template Coords2d {
 <f6f23f44-7686-11cf-8f52-0040333594a3>
 FLOAT u;
 FLOAT v;
}

template MeshTextureCoords {
 <f6f23f40-7686-11cf-8f52-0040333594a3>
 DWORD nTextureCoords;
 array Coords2d textureCoords[nTextureCoords];
}

template XSkinMeshHeader {
 <3cf169ce-ff7c-44ab-93c0-f78f62d172e2>
 WORD nMaxSkinWeightsPerVertex;
 WORD nMaxSkinWeightsPerFace;
 WORD nBones;
}

template SkinWeights {
 <6f0d123b-bad2-4167-a0d0-80224f25fabb>
 STRING transformNodeName;
 DWORD nWeights;
 array DWORD vertexIndices[nWeights];
 array FLOAT weights[nWeights];
 Matrix4x4 matrixOffset;
}

template AnimTicksPerSecond {
 <9e415a43-7ba6-4a73-8743-b73d47e88476>
 DWORD AnimTicksPerSecond;
}

template Animation {
 <3d82ab4f-62da-11cf-ab39-0020af71e433>
 [...]
}

template AnimationSet {
 <3d82ab50-62da-11cf-ab39-0020af71e433>
 [Animation <3d82ab4f-62da-11cf-ab39-0020af71e433>]
}

template FloatKeys {
 <10dd46a9-775b-11cf-8f52-0040333594a3>
 DWORD nValues;
 array FLOAT values[nValues];
}

template TimedFloatKeys {
 <f406b180-7b3b-11cf-8f52-0040333594a3>
 DWORD time;
 FloatKeys tfkeys;
}

template AnimationKey {
 <10dd46a8-775b-11cf-8f52-0040333594a3>
 DWORD keyType;
 DWORD nKeys;
 array TimedFloatKeys keys[nKeys];
}


Material Paladin_MAT {
 1.000000;1.000000;1.000000;1.000000;;
 43.219280;
 0.050000;0.050000;0.050000;;
 0.000000;0.000000;0.000000;;

 TextureFilename {
  "Paladin_diffuse.png";
 }

 TextureFilename {
  "Paladin_diffuse.png";
 }

 TextureFilename {
  "Paladin_diffuse.png";
 }
}

Frame Hips {
 

 FrameTransformMatrix {
  0.287014,0.001032,-0.269486,0.000000,-0.268733,0.030538,-0.286095,0.000000,0.020153,0.392513,0.022967,0.000000,-0.030155,34.818758,0.243655,1.000000;;
 }

 Frame Spine {
  

  FrameTransformMatrix {
   0.996470,-0.082861,-0.013479,0.000000,0.081081,0.991545,-0.101314,0.000000,0.021760,0.099863,0.994763,0.000000,0.017300,-1.117230,10.574829,1.000000;;
  }

  Frame Spine1 {
   

   FrameTransformMatrix {
    0.986184,-0.164382,-0.020480,0.000000,0.156915,0.966618,-0.202553,0.000000,0.053092,0.196541,0.979057,0.000000,0.019010,-1.303426,12.337303,1.000000;;
   }

   Frame Spine2 {
    

    FrameTransformMatrix {
     0.986184,-0.164383,-0.020480,0.000000,0.156915,0.966618,-0.202553,0.000000,0.053092,0.196541,0.979057,0.000000,0.021725,-1.489643,14.099786,1.000000;;
    }

    Frame Neck {
     

     FrameTransformMatrix {
      0.999744,0.022017,0.005191,0.000000,-0.022345,0.996932,0.075014,0.000000,-0.003524,-0.075111,0.997169,0.000000,0.024441,-1.675823,15.862229,1.000000;;
     }

     Frame Head {
      

      FrameTransformMatrix {
       0.937060,-0.346287,-0.044764,0.000000,0.349113,0.931463,0.102456,0.000000,0.006217,-0.111635,0.993730,0.000000,-0.000001,0.988087,5.564041,1.000000;;
      }
     }
    }

    Frame LeftShoulder {
     

     FrameTransformMatrix {
      0.990490,0.008721,-0.137306,0.000000,-0.012176,0.999630,-0.024337,0.000000,0.137043,0.025778,0.990229,0.000000,5.934976,-1.662609,13.670205,1.000000;;
     }

     Frame LeftArm {
      

      FrameTransformMatrix {
       0.464210,0.230813,-0.855123,0.000000,0.027001,0.961313,0.274133,0.000000,0.885313,-0.150345,0.440019,0.000000,12.499418,0.026489,-1.649956,1.000000;;
      }

      Frame LeftForeArm {
       

       FrameTransformMatrix {
        0.716967,0.695321,-0.049873,0.000000,-0.696070,0.710167,-0.105590,0.000000,-0.038000,0.110419,0.993158,0.000000,25.557861,-0.827084,-0.397404,1.000000;;
       }

       Frame LeftHand {
        

        FrameTransformMatrix {
         0.937930,0.103620,0.330983,0.000000,-0.008225,0.960702,-0.277458,0.000000,-0.346727,0.257515,0.901924,0.000000,21.589859,0.652004,0.397057,1.000000;;
        }

        Frame LeftHandThumb1 {
         

         FrameTransformMatrix {
          0.991815,-0.098292,-0.081487,0.000000,0.084404,0.983636,-0.159174,0.000000,0.095800,0.150994,0.983882,0.000000,3.545608,2.368212,-1.910942,1.000000;;
         }

         Frame LeftHandThumb2 {
          

          FrameTransformMatrix {
           0.999908,-0.000658,0.013532,0.000000,0.000578,0.999982,0.005907,0.000000,-0.013535,-0.005899,0.999891,0.000000,2.175323,1.255975,-1.256020,1.000000;;
          }

          Frame LeftHandThumb3 {
           

           FrameTransformMatrix {
            0.998839,0.036243,0.031732,0.000000,-0.037459,0.998552,0.038608,0.000000,-0.030287,-0.039752,0.998751,0.000000,1.842751,1.063895,-1.063873,1.000000;;
           }
          }
         }
        }

        Frame LeftHandIndex1 {
         

         FrameTransformMatrix {
          0.979864,0.197578,-0.028783,0.000000,-0.197076,0.980197,0.019371,0.000000,0.032041,-0.013308,0.999398,0.000000,9.909742,2.342234,0.288681,1.000000;;
         }

         Frame LeftHandIndex2 {
          

          FrameTransformMatrix {
           0.955231,-0.087911,-0.282500,0.000000,0.090565,0.995884,-0.003676,0.000000,0.281660,-0.022073,0.959261,0.000000,3.763334,-0.290131,-0.130165,1.000000;;
          }

          Frame LeftHandIndex3 {
           

           FrameTransformMatrix {
            0.999313,0.033915,-0.014958,0.000000,-0.033897,0.999424,0.001427,0.000000,0.014998,-0.000919,0.999887,0.000000,2.541512,0.000027,-0.087921,1.000000;;
           }
          }
         }
        }

        Frame LeftHandMiddle1 {
         

         FrameTransformMatrix {
          0.962906,-0.087846,-0.255137,0.000000,0.087591,0.996080,-0.012386,0.000000,0.255224,-0.010422,0.966826,0.000000,9.700762,-0.000013,-0.000031,1.000000;;
         }

         Frame LeftHandMiddle2 {
          

          FrameTransformMatrix {
           0.929736,-0.050377,-0.364765,0.000000,0.057243,0.998328,0.008027,0.000000,0.363751,-0.028343,0.931065,0.000000,4.000225,-0.338217,0.033226,1.000000;;
          }

          Frame LeftHandMiddle3 {
           

           FrameTransformMatrix {
            0.998282,0.028886,-0.050972,0.000000,-0.028885,0.999583,0.000738,0.000000,0.050972,0.000736,0.998700,0.000000,2.996719,-0.000044,-0.000057,1.000000;;
           }
          }
         }
        }

        Frame LeftHandRing1 {
         

         FrameTransformMatrix {
          0.825345,-0.243580,-0.509387,0.000000,0.257629,0.965236,-0.044130,0.000000,0.502427,-0.094810,0.859405,0.000000,9.308414,-2.241529,0.146080,1.000000;;
         }

         Frame LeftHandRing2 {
          

          FrameTransformMatrix {
           0.888216,0.024225,-0.458786,0.000000,-0.027786,0.999614,-0.001012,0.000000,0.458584,0.013647,0.888546,0.000000,4.019386,-0.000024,-0.000023,1.000000;;
          }

          Frame LeftHandRing3 {
           

           FrameTransformMatrix {
            0.996425,0.021642,-0.081659,0.000000,-0.021642,0.999765,0.000885,0.000000,0.081659,0.000885,0.996660,0.000000,2.780846,0.060406,-0.227940,1.000000;;
           }
          }
         }
        }

        Frame LeftHandPinky1 {
         

         FrameTransformMatrix {
          0.776956,-0.301562,-0.552629,0.000000,0.317855,0.945616,-0.069128,0.000000,0.543421,-0.121947,0.830555,0.000000,8.985472,-4.712473,0.226974,1.000000;;
         }

         Frame LeftHandPinky2 {
          

          FrameTransformMatrix {
           0.769098,0.084891,-0.633469,0.000000,-0.100080,0.994909,0.011820,0.000000,0.631247,0.054307,0.773678,0.000000,3.562546,0.000051,-0.000004,1.000000;;
          }

          Frame LeftHandPinky3 {
           

           FrameTransformMatrix {
            1.000000,0.000000,-0.000000,0.000000,-0.000000,1.000000,-0.000000,0.000000,0.000000,0.000000,1.000000,0.000000,2.335159,-0.000004,-0.000042,1.000000;;
           }
          }
         }
        }
       }

       Frame Shield_joint {
        

        FrameTransformMatrix {
         1.000000,0.000000,0.000000,0.000000,0.000000,1.000000,-0.000000,0.000000,0.000000,0.000000,1.000000,0.000000,14.680611,0.397358,6.043686,1.000000;;
        }
       }
      }
     }
    }

    Frame RightShoulder {
     

     FrameTransformMatrix {
      0.972017,-0.157710,0.174096,0.000000,0.164386,0.986091,-0.024527,0.000000,-0.167807,0.052460,0.984423,0.000000,-5.979151,-1.662609,13.670205,1.000000;;
     }

     Frame RightArm {
      

      FrameTransformMatrix {
       0.473784,0.196489,0.858441,0.000000,-0.396131,0.918155,0.008472,0.000000,-0.786518,-0.344069,0.512842,0.000000,-12.499450,0.026474,-1.649750,1.000000;;
      }

      Frame RightForeArm {
       

       FrameTransformMatrix {
        0.774479,-0.625414,0.095077,0.000000,0.618459,0.780167,0.094069,0.000000,-0.133008,-0.014054,0.991016,0.000000,-25.557885,-0.827099,-0.397293,1.000000;;
       }

       Frame RightHand {
        

        FrameTransformMatrix {
         0.954666,-0.214665,0.206235,0.000000,0.240442,0.964516,-0.109069,0.000000,-0.175504,0.153712,0.972405,0.000000,-21.590027,0.652011,0.397026,1.000000;;
        }

        Frame RightHandThumb1 {
         

         FrameTransformMatrix {
          0.996289,0.085789,0.006977,0.000000,-0.085840,0.984395,0.153620,0.000000,0.006311,-0.153649,0.988106,0.000000,-3.545456,2.368196,-1.910873,1.000000;;
         }

         Frame RightHandThumb2 {
          

          FrameTransformMatrix {
           0.943216,0.318366,-0.094793,0.000000,-0.328781,0.935462,-0.129673,0.000000,0.047392,0.153476,0.987015,0.000000,-2.175400,1.255926,-1.255940,1.000000;;
          }

          Frame RightHandThumb3 {
           

           FrameTransformMatrix {
            0.998838,-0.036224,-0.031783,0.000000,0.037443,0.998552,0.038626,0.000000,0.030337,-0.039771,0.998748,0.000000,-1.842690,1.063911,-1.063942,1.000000;;
           }
          }
         }
        }

        Frame RightHandPinky1 {
         

         FrameTransformMatrix {
          0.897213,0.184422,0.401245,0.000000,-0.175194,0.982709,-0.059929,0.000000,-0.405359,-0.016527,0.914008,0.000000,-8.985336,-4.712496,0.226936,1.000000;;
         }

         Frame RightHandPinky2 {
          

          FrameTransformMatrix {
           0.746536,-0.119139,0.654591,0.000000,0.136192,0.990369,0.024931,0.000000,-0.651257,0.070539,0.755572,0.000000,-3.562546,-0.000031,-0.000059,1.000000;;
          }

          Frame RightHandPinky3 {
           

           FrameTransformMatrix {
            1.000000,-0.000000,0.000000,0.000000,0.000000,1.000000,-0.000000,0.000000,0.000000,0.000000,1.000000,0.000000,-2.335159,0.000025,0.000019,1.000000;;
           }
          }
         }
        }

        Frame RightHandRing1 {
         

         FrameTransformMatrix {
          0.920970,0.135676,0.365249,0.000000,-0.129281,0.990717,-0.042033,0.000000,-0.367561,-0.008509,0.929960,0.000000,-9.308281,-2.241555,0.146038,1.000000;;
         }

         Frame RightHandRing2 {
          

          FrameTransformMatrix {
           0.840496,-0.042130,0.540177,0.000000,0.047156,0.998877,0.004533,0.000000,-0.539762,0.021663,0.841539,0.000000,-4.019394,-0.000045,-0.000044,1.000000;;
          }

          Frame RightHandRing3 {
           

           FrameTransformMatrix {
            0.996425,-0.021643,0.081658,0.000000,0.021643,0.999765,0.000886,0.000000,-0.081658,0.000884,0.996660,0.000000,-2.780846,0.060389,-0.227955,1.000000;;
           }
          }
         }
        }

        Frame RightHandMiddle1 {
         

         FrameTransformMatrix {
          0.973131,-0.037373,0.227200,0.000000,0.031261,0.999048,0.030441,0.000000,-0.228121,-0.022521,0.973373,0.000000,-9.700638,-0.000038,-0.000084,1.000000;;
         }

         Frame RightHandMiddle2 {
          

          FrameTransformMatrix {
           0.864369,0.040279,0.501243,0.000000,-0.053171,0.998520,0.011451,0.000000,-0.500040,-0.036550,0.865230,0.000000,-4.000229,-0.338221,0.033152,1.000000;;
          }

          Frame RightHandMiddle3 {
           

           FrameTransformMatrix {
            0.998283,-0.028850,0.050973,0.000000,0.028850,0.999583,0.000737,0.000000,-0.050973,0.000735,0.998700,0.000000,-2.996712,-0.000002,-0.000074,1.000000;;
           }
          }
         }
        }

        Frame RightHandIndex1 {
         

         FrameTransformMatrix {
          0.997473,-0.056422,0.043185,0.000000,0.055445,0.998185,0.023501,0.000000,-0.044432,-0.021047,0.998791,0.000000,-9.909614,2.342213,0.288620,1.000000;;
         }

         Frame RightHandIndex2 {
          

          FrameTransformMatrix {
           0.952075,0.093621,0.291186,0.000000,-0.096116,0.995354,-0.005757,0.000000,-0.290372,-0.022507,0.956649,0.000000,-3.763321,-0.290134,-0.130238,1.000000;;
          }

          Frame RightHandIndex3 {
           

           FrameTransformMatrix {
            0.999311,-0.033954,0.014997,0.000000,0.033936,0.999423,0.001430,0.000000,-0.015037,-0.000920,0.999887,0.000000,-2.541504,-0.000027,-0.087948,1.000000;;
           }
          }
         }
        }

        Frame Sword_joint {
         

         FrameTransformMatrix {
          1.000000,-0.000000,0.000000,0.000000,0.000000,1.000000,-0.000000,0.000000,-0.000000,-0.000000,1.000000,0.000000,-7.989212,-0.626701,-2.823059,1.000000;;
         }
        }
       }
      }
     }
    }
   }
  }
 }

 Frame LeftUpLeg {
  

  FrameTransformMatrix {
   0.966013,-0.196287,0.168201,0.000000,0.107772,0.897267,0.428132,0.000000,-0.234958,-0.395454,0.887925,0.000000,9.789126,-0.583679,-5.875847,1.000000;;
  }

  Frame LeftLeg {
   

   FrameTransformMatrix {
    0.969464,0.201449,-0.139852,0.000000,-0.245209,0.804624,-0.540789,0.000000,0.003587,0.558569,0.829451,0.000000,0.232059,0.590920,-41.697350,1.000000;;
   }

   Frame LeftFoot {
    

    FrameTransformMatrix {
     0.991075,0.000118,-0.133309,0.000000,0.013559,0.994724,0.101688,0.000000,0.132618,-0.102588,0.985844,0.000000,-0.219982,-3.032310,-36.855363,1.000000;;
    }

    Frame LeftToeBase {
     

     FrameTransformMatrix {
      0.998327,0.055491,0.016273,0.000000,-0.056110,0.997607,0.040401,0.000000,-0.013992,-0.041246,0.999051,0.000000,-1.166454,12.529133,-10.835554,1.000000;;
     }
    }
   }
  }
 }

 Frame RightUpLeg {
  

  FrameTransformMatrix {
   0.935832,0.247986,-0.250444,0.000000,-0.243990,0.968619,0.047400,0.000000,0.254339,0.016748,0.966970,0.000000,-9.857573,-0.514935,-5.873962,1.000000;;
  }

  Frame RightLeg {
   

   FrameTransformMatrix {
    0.988113,0.125472,-0.088818,0.000000,-0.153561,0.832429,-0.532430,0.000000,0.007130,0.539740,0.841802,0.000000,-0.219311,0.701318,-41.696336,1.000000;;
   }

   Frame RightFoot {
    

    FrameTransformMatrix {
     0.952650,-0.044050,0.300861,0.000000,-0.075109,0.924699,0.373216,0.000000,-0.294647,-0.378141,0.877606,0.000000,0.231291,-3.211651,-36.858355,1.000000;;
    }

    Frame RightToeBase {
     

     FrameTransformMatrix {
      0.999963,0.006166,0.005955,0.000000,-0.006349,0.999493,0.031202,0.000000,-0.005759,-0.031239,0.999496,0.000000,1.166468,12.669966,-10.835573,1.000000;;
     }
    }
   }
  }
 }
}

Frame Paladin_J_Nordstrom {
 

 FrameTransformMatrix {
  0.393701,0.000000,0.000000,0.000000,0.000000,-0.000000,-0.393701,0.000000,0.000000,0.393701,-0.000000,0.000000,0.000000,0.000000,0.000000,1.000000;;
 }

 Mesh Paladin_J_Nordstrom {
  8623;
  -5.400675;8.223370;142.140928;,
  -4.131318;8.589573;141.895680;,
  -4.117419;8.937431;141.643443;,
  -5.425043;7.917510;142.423334;,
  -13.638402;-3.920506;113.472410;,
  -13.157578;-4.991850;115.025293;,
  -13.889613;-4.018918;114.954189;,
  -12.937209;-4.905521;113.439962;,
  -10.879770;7.031741;111.692160;,
  -12.572740;4.287938;109.947123;,
  -12.774876;4.326354;111.841894;,
  -10.598185;7.062503;109.746227;,
  -8.799474;-8.879010;113.897203;,
  -6.189480;-10.608271;117.491302;,
  -9.004246;-9.264791;116.515302;,
  -6.025846;-9.947752;114.258573;,
  -13.703066;2.115866;115.003622;,
  -14.484373;0.022785;115.053926;,
  -13.925731;-0.435152;115.169421;,
  -14.025258;1.376675;114.704435;,
  -9.929387;-15.679494;137.534042;,
  -11.547506;-15.602042;140.897242;,
  -11.735887;-15.645754;138.510451;,
  -9.291682;-15.665117;139.589901;,
  -14.370851;5.047474;118.637786;,
  -12.608989;7.704711;121.194368;,
  -12.498874;7.661482;119.373338;,
  -14.217877;5.094438;120.438016;,
  -12.664506;-8.744820;121.122931;,
  -14.765082;-6.566436;121.359053;,
  -14.537317;-6.249700;119.579750;,
  -13.210225;-9.151495;123.025331;,
  -10.873772;-6.678630;111.825062;,
  -8.675618;-8.789722;109.808934;,
  -8.649902;-8.829039;111.730893;,
  -10.730463;-6.653178;109.947315;,
  -13.050058;2.031392;110.079898;,
  -13.280670;2.040992;111.926477;,
  -2.391230;-10.721668;114.527667;,
  0.069540;-11.697874;118.826074;,
  -2.483087;-11.541478;118.628608;,
  0.069546;-10.870216;114.543923;,
  -12.713283;-4.827856;111.781824;,
  -12.527521;-4.810900;110.190400;,
  -8.885894;10.026375;137.415475;,
  -8.094018;10.109368;138.818035;,
  -7.969420;9.676659;138.614349;,
  -9.035568;10.459071;137.615629;,
  -7.908866;9.472370;140.226995;,
  -7.770852;9.039662;140.032512;,
  -13.949027;8.169419;139.050790;,
  -13.419467;9.355707;137.906406;,
  -13.235249;8.923011;137.687091;,
  -14.054912;8.602127;139.251904;,
  -7.774553;7.452594;141.968358;,
  -9.614662;6.101443;143.619968;,
  -9.082216;6.327211;143.530496;,
  -8.138879;7.387028;141.935872;,
  -5.485218;6.011620;143.490893;,
  -4.167369;8.528194;140.718182;,
  -5.516714;7.768938;141.391296;,
  -4.096149;6.540161;143.070694;,
  -2.783201;8.944730;140.419430;,
  -2.706528;6.906706;142.758170;,
  -1.350451;9.318512;141.451981;,
  0.069540;9.512721;140.117325;,
  0.069540;9.512720;141.397146;,
  -1.350451;9.318513;140.172160;,
  -6.884506;8.430566;139.818701;,
  -5.354743;9.674194;139.341837;,
  -5.395760;9.604344;138.436314;,
  -6.712101;8.602681;140.583053;,
  -8.672914;5.587189;143.483213;,
  -9.929592;5.684822;143.094707;,
  -8.363192;6.003822;144.103258;,
  -4.167369;8.528194;140.718182;,
  -5.516714;7.768938;141.391296;,
  -11.168405;6.786576;142.035648;,
  -9.633113;7.404153;141.956301;,
  -11.214691;7.000276;142.134630;,
  -9.596165;7.190442;141.868365;,
  -8.356383;8.072394;141.161203;,
  -8.304169;7.858695;141.056704;,
  -7.656999;8.825963;139.966029;,
  -7.676448;8.612264;139.813376;,
  -8.251086;10.389184;135.179315;,
  -10.205154;9.567707;136.546010;,
  -10.273926;9.781406;136.650906;,
  -8.200982;10.182222;135.077850;,
  -10.205154;9.567707;136.546010;,
  -11.863233;9.377552;136.738010;,
  -10.273926;9.781406;136.650906;,
  -11.779718;9.323264;136.617613;,
  -2.455853;11.804491;136.383066;,
  -4.699972;11.340391;136.213542;,
  -4.337596;11.211712;137.243994;,
  -2.755532;12.219062;135.180314;,
  -0.658577;13.563202;131.637363;,
  -3.022037;12.423561;133.814886;,
  -1.293730;13.280006;132.833203;,
  -3.391900;12.118055;132.058778;,
  -2.759294;9.350855;141.442304;,
  -1.543458;9.675865;141.305114;,
  -2.767370;8.971666;141.654323;,
  -2.783201;8.944730;140.419430;,
  0.069553;11.755974;115.562522;,
  -1.634669;11.987077;119.303283;,
  0.069540;12.122822;119.384512;,
  -1.578151;11.483507;115.515046;,
  -10.305718;-11.172494;123.595507;,
  -10.764642;-11.601150;125.509645;,
  -11.444074;7.065557;115.269773;,
  -8.431398;9.317474;118.686106;,
  -8.162466;9.506068;116.701670;,
  -11.646590;7.144706;116.723226;,
  -13.891261;2.149307;116.067661;,
  -13.925731;-0.435152;115.169421;,
  -14.023629;-0.461467;116.035021;,
  -13.703066;2.115866;115.003622;,
  -9.256537;-9.696038;119.316582;,
  -11.325200;-7.081734;115.713370;,
  -11.549440;-7.536913;117.652941;,
  -13.234504;8.127411;122.907328;,
  -14.735416;5.331852;122.128397;,
  -14.221846;-1.716203;116.153421;,
  -13.157578;-4.991850;115.025293;,
  -13.385303;-5.349070;116.719232;,
  -14.027808;-1.613532;115.030080;,
  -15.222827;-2.024019;120.484352;,
  -15.668531;-0.532296;121.841267;,
  -15.012533;-0.528768;120.266074;,
  -15.858416;-2.094479;121.905638;,
  -15.430360;2.400388;121.900646;,
  -14.841040;2.321519;120.289370;,
  -15.307014;-6.752908;122.985178;,
  -13.786648;-9.438378;124.700480;,
  -11.205610;-11.943151;127.213286;,
  -11.943247;-12.768310;150.659648;,
  -14.593680;-10.538967;152.288883;,
  -13.861165;-12.750890;150.186278;,
  -12.560750;-10.553958;152.780595;,
  -12.691662;0.343722;153.197696;,
  -14.729155;2.377853;150.315085;,
  -14.835016;0.312601;152.715456;,
  -12.683158;2.416126;150.752563;,
  -11.271900;-14.434643;148.324518;,
  -13.426462;-14.418210;147.751450;,
  -8.340059;6.199788;143.707430;,
  -6.829438;7.010425;143.179277;,
  -6.789292;7.263913;142.867981;,
  -8.363192;6.003822;144.103258;,
  -2.309981;10.697205;137.952320;,
  0.069540;10.918264;137.538714;,
  0.069540;10.960372;137.343411;,
  -2.283937;10.642282;138.100557;,
  -3.808052;10.047025;138.868966;,
  -4.016340;10.104426;138.725581;,
  -5.082991;9.628902;139.440000;,
  -15.152054;-0.511815;118.463386;,
  -14.991954;2.310731;118.492518;,
  -13.207358;4.488299;115.040064;,
  -13.382614;4.654372;116.170970;,
  -11.151538;7.045189;113.444928;,
  -12.967907;4.384118;113.294528;,
  -11.074126;-6.852946;113.606861;,
  -5.902298;-9.761425;111.630797;,
  -5.881931;-9.767537;109.658778;,
  -13.490416;2.070343;113.475238;,
  -13.410270;-0.127628;112.020954;,
  -13.677395;-0.105550;113.318438;,
  -13.768659;-1.624917;113.328960;,
  -12.937209;-4.905521;113.439962;,
  -13.558933;-1.627772;111.913306;,
  -4.013441;10.224597;108.596493;,
  -7.547126;9.662984;111.489856;,
  -4.130630;10.713406;111.191053;,
  -7.431088;9.287573;109.196237;,
  -7.851140;9.578936;114.166170;,
  -8.755433;-9.132010;108.162291;,
  -6.056899;-10.142585;108.195072;,
  -14.299933;7.408514;138.056333;,
  -14.592461;8.652509;133.618112;,
  -15.470182;7.950569;134.762022;,
  -12.868408;8.356582;137.611226;,
  -19.466246;-10.605722;133.958438;,
  -16.163509;-13.131912;133.371366;,
  -17.431010;-12.848614;134.796659;,
  -18.092906;-10.774793;132.271142;,
  -7.514382;-13.188269;128.386842;,
  -7.968558;-13.551618;130.641139;,
  -13.961661;4.973027;144.122598;,
  -13.696349;7.217506;140.398182;,
  -14.193379;6.292408;140.954035;,
  -12.771429;5.255282;143.896883;,
  -13.972962;8.433794;125.076314;,
  -15.296571;5.466058;124.061990;,
  -14.573061;8.456410;127.064653;,
  -15.755213;5.493116;125.806989;,
  -16.154410;-0.544978;123.625574;,
  -16.335450;-2.194660;123.689702;,
  -15.924440;2.483077;123.730867;,
  -15.784563;-7.147292;124.777754;,
  -14.526237;-9.934760;126.425370;,
  -16.362192;2.556148;125.427853;,
  -13.829907;9.088634;132.655706;,
  -15.253197;7.896414;129.954752;,
  -12.643558;9.888791;129.543040;,
  -12.182044;-12.496373;128.781069;,
  -16.392438;-7.477489;126.715955;,
  -15.473218;-10.325139;128.354086;,
  -16.541032;-0.611631;125.256192;,
  -16.759456;-2.323314;125.248115;,
  -13.547496;-12.840569;130.502451;,
  -16.101338;5.305608;128.431552;,
  -16.660152;2.525429;127.938035;,
  -17.016466;-0.671642;127.755443;,
  -12.745722;9.067518;135.915187;,
  -10.522682;10.447771;132.246234;,
  -8.860900;10.262471;134.491123;,
  -9.168064;10.824312;130.012480;,
  -6.523356;10.831768;132.743808;,
  -8.345126;10.567770;135.310362;,
  -10.317698;9.995106;136.755584;,
  -9.242947;-15.636123;142.408550;,
  -6.521008;-15.793518;138.252442;,
  -6.150299;-15.954786;140.652979;,
  -11.637069;10.050253;127.396838;,
  -6.393954;8.608223;140.649434;,
  -6.999157;6.735395;142.360640;,
  -8.672914;5.587189;143.483213;,
  -18.229170;1.751761;130.543104;,
  -17.709984;-0.709038;128.734592;,
  -18.518445;-0.806200;130.509363;,
  -17.255413;2.420929;128.848922;,
  -14.094408;-0.037944;111.875072;,
  -13.280670;2.040992;111.926477;,
  -13.639246;1.305353;111.746829;,
  -13.410270;-0.127628;112.020954;,
  -13.490416;2.070343;113.475238;,
  -13.703066;2.115866;115.003622;,
  -13.834557;1.335851;113.333734;,
  -12.556702;-0.238843;148.726157;,
  -13.820152;-2.612555;149.611264;,
  -12.530129;-2.286435;150.078298;,
  -13.807989;-0.564340;148.451750;,
  -11.339812;-14.945234;145.905958;,
  -9.200651;-15.543987;144.750246;,
  -11.422679;-15.282998;143.812851;,
  -6.092915;-15.904451;143.100250;,
  -6.881357;5.337214;144.044198;,
  -6.999157;6.735395;142.360640;,
  -11.156517;-13.151493;149.409894;,
  -12.106391;-10.741588;150.430592;,
  -12.204024;-12.579644;149.438016;,
  -11.130953;-10.938474;150.347046;,
  -7.155647;-15.455496;136.228621;,
  -13.312303;-1.620967;110.061965;,
  -12.449226;-4.903676;108.261120;,
  -13.513658;-1.812457;108.038605;,
  -13.312303;-1.620967;110.061965;,
  -13.846768;-0.035730;110.083430;,
  -13.109054;-0.099037;110.155392;,
  -13.737088;-1.636444;110.153574;,
  -13.558933;-1.627772;111.913306;,
  -13.768659;-1.624917;113.328960;,
  -1.577262;10.368350;105.230848;,
  0.068411;12.138746;93.956038;,
  -1.748753;11.933466;95.238112;,
  0.069483;10.397494;104.790598;,
  -12.100762;10.023948;137.063309;,
  -11.854770;9.591252;136.844890;,
  -6.773442;-16.931202;140.129011;,
  -8.797562;-17.081578;137.056563;,
  -7.063294;-17.006386;138.536410;,
  -8.798325;-16.597805;138.975629;,
  0.069540;10.903289;136.063603;,
  -2.464825;10.708055;136.187072;,
  -2.381804;10.615687;136.707904;,
  0.069540;11.005567;135.507814;,
  -13.875314;3.112187;145.875776;,
  -12.771429;5.255282;143.896883;,
  -13.961661;4.973027;144.122598;,
  -12.623333;3.405031;145.574362;,
  -10.904074;-6.852921;108.112448;,
  -10.941662;-12.262925;101.104813;,
  -13.567416;-8.373106;102.432435;,
  -1.438230;10.599227;108.132928;,
  0.069602;10.713283;107.853248;,
  -15.910050;-5.445408;102.730893;,
  -16.842818;-1.118107;103.250842;,
  -16.666771;2.276197;102.435232;,
  -16.306968;4.836742;102.317178;,
  -16.041477;4.688810;102.155565;,
  -16.939330;2.340964;102.607558;,
  -16.790194;-0.386065;102.630586;,
  -17.064056;-0.393729;102.805344;,
  -16.548934;3.981168;147.536077;,
  -17.183613;2.352775;149.724774;,
  -14.398877;3.939997;148.106227;,
  -10.292404;-12.991341;151.184397;,
  -10.900454;-10.489945;152.927373;,
  -10.754408;-10.675732;153.162061;,
  -10.463018;-12.684919;150.841984;,
  -5.189610;-12.216156;152.006925;,
  -2.991564;-13.102773;151.906048;,
  -2.890217;-12.899266;151.755814;,
  -5.358369;-12.414086;152.170022;,
  -4.337596;10.743890;137.144794;,
  -2.464825;10.708055;136.187072;,
  -2.464825;11.258128;136.286272;,
  -4.337596;10.195440;137.045581;,
  -5.708186;10.048538;138.099238;,
  -5.708186;9.686449;138.000051;,
  0.069540;11.005567;135.507814;,
  0.069540;11.618924;135.607027;,
  -5.708186;10.453993;138.198451;,
  -10.218985;-11.241038;122.568934;,
  -12.657300;-8.767179;120.073242;,
  -14.607270;5.120266;117.799718;,
  -12.649173;7.861987;118.526720;,
  -6.124237;11.229147;125.745459;,
  -9.199957;9.792997;121.549786;,
  -9.491687;9.624309;123.254477;,
  -5.338080;11.368920;124.408563;,
  -15.342234;-0.496826;117.620173;,
  -15.188760;2.248168;117.652250;,
  -14.647099;-6.210816;118.614003;,
  -7.494994;11.124890;127.623462;,
  -10.471516;9.958654;125.106893;,
  -14.204146;2.162390;117.057446;,
  -13.677045;4.797050;117.191462;,
  -8.424409;8.286094;141.255053;,
  -9.692456;7.617852;142.053146;,
  -11.698120;2.338000;150.941030;,
  -11.649936;0.440166;153.595610;,
  -11.751296;0.288774;153.398259;,
  -11.614861;2.643860;151.124365;,
  -17.606781;-5.021214;153.184000;,
  -17.989872;-7.944351;152.768371;,
  -17.303678;-7.858745;152.649229;,
  -18.323517;-5.047943;153.305075;,
  -11.675317;-2.273031;154.274355;,
  -11.589841;-5.017962;154.755098;,
  -11.738822;-5.005414;154.511091;,
  -11.554298;-2.201961;154.498509;,
  -7.656999;8.825963;139.966029;,
  -7.676448;8.612264;139.813376;,
  -10.497970;10.427802;136.954266;,
  -9.835823;8.050549;142.243840;,
  -8.552446;8.718802;141.455309;,
  -11.094352;-7.932507;154.125811;,
  -11.241127;-7.829764;153.882893;,
  -16.104197;6.483847;142.297165;,
  -16.045149;6.883737;142.530957;,
  -16.059118;6.584332;142.065062;,
  -16.127534;6.572236;142.515955;,
  -10.937742;-17.062019;136.362675;,
  -8.724640;-16.716218;137.075712;,
  -10.669629;-16.696659;136.383347;,
  -1.034058;2.561679;147.018957;,
  0.069540;2.608302;148.099507;,
  0.069540;2.651276;146.964877;,
  -1.155063;2.521548;148.147571;,
  -7.210081;0.427236;148.847347;,
  -6.544190;3.347204;146.099955;,
  -7.815383;2.943644;146.363264;,
  -6.118522;1.168916;148.247296;,
  -9.240864;-4.622188;151.147366;,
  -8.682823;-1.687812;150.540403;,
  -9.291180;-1.851148;150.320051;,
  -8.777699;-4.503695;151.427059;,
  -8.242078;-4.588941;152.154163;,
  -8.596458;-7.670112;152.636288;,
  -8.251102;-7.640087;152.414464;,
  -8.578317;-4.437706;152.386906;,
  -15.762027;-16.402432;139.752269;,
  -16.101626;-16.588328;141.064038;,
  -15.994568;-16.162099;141.055398;,
  -15.935406;-16.762590;139.914074;,
  -7.146375;10.670867;136.271117;,
  -6.362842;10.498322;137.327603;,
  -6.085868;11.340382;133.716160;,
  -5.303142;11.470888;135.042995;,
  -8.782312;-7.801142;151.649536;,
  -9.215674;-7.766167;151.398182;,
  -6.842622;0.053451;149.816870;,
  -8.520380;-1.668802;151.509709;,
  -8.250815;-1.956295;151.323507;,
  -7.093487;0.424268;149.904205;,
  -2.411584;1.958684;148.252467;,
  -3.803352;2.125711;148.561856;,
  -3.676326;1.726445;148.525837;,
  -2.496704;2.350602;148.281882;,
  -4.977700;1.707954;148.919923;,
  -4.808400;1.308919;148.873446;,
  -6.120008;1.123231;149.350387;,
  -5.904946;0.733472;149.287872;,
  -1.106840;2.141284;148.118669;,
  -7.341670;-10.912660;152.432627;,
  -7.108299;-10.756497;152.243315;,
  0.069540;2.240927;148.068506;,
  -2.120814;10.969911;147.200512;,
  -2.986715;9.866080;147.009229;,
  -1.999207;10.069173;147.291456;,
  -3.123065;10.422243;146.919398;,
  -3.003621;9.824302;146.715302;,
  -1.948758;9.909603;146.890406;,
  -8.340059;6.199788;143.707430;,
  -11.779718;9.323264;136.617613;,
  -12.519435;4.368694;108.177152;,
  -10.871831;7.261971;107.601574;,
  -1.563922;12.135754;127.069005;,
  -5.095712;11.678491;123.770496;,
  -1.801952;12.516630;126.131930;,
  -3.930555;11.364756;130.806400;,
  0.069540;11.863726;129.947328;,
  -1.480786;11.762253;128.972902;,
  -2.974352;11.340370;131.607987;,
  0.069540;12.243282;128.061466;,
  0.069540;12.659122;127.268787;,
  -1.478074;11.118408;110.870374;,
  -5.785396;10.740597;133.468198;,
  -5.785396;10.740597;133.468198;,
  -5.884734;11.063776;133.540915;,
  -3.130449;11.696465;131.793344;,
  0.069540;12.708894;130.181350;,
  0.069540;12.254327;130.064346;,
  -8.200982;10.182222;135.077850;,
  -10.205154;9.567707;136.546010;,
  0.069540;12.232280;135.706227;,
  -2.974352;11.340370;131.607987;,
  0.069540;11.863726;129.947328;,
  -0.897273;13.896707;132.833203;,
  -1.376789;13.068126;133.945485;,
  -0.716041;13.684826;133.549018;,
  -1.238084;12.895568;134.954752;,
  0.069540;13.500566;134.023053;,
  0.069540;13.214134;135.102899;,
  0.069540;14.203240;131.603622;,
  0.069540;13.586550;131.119078;,
  -0.350235;14.179915;131.637363;,
  -13.068488;-0.450855;108.358336;,
  -13.109054;-0.099037;110.155392;,
  -12.993590;2.076229;108.349376;,
  -15.648510;-5.286462;102.563110;,
  -16.569990;-1.164658;103.085626;,
  -5.416596;9.339600;146.478285;,
  -4.216053;9.463982;146.828493;,
  -4.402316;9.992500;146.724621;,
  -5.158435;8.867433;146.603571;,
  0.069540;10.516430;147.527552;,
  0.069540;10.351990;147.115392;,
  -15.222827;-2.024019;120.484352;,
  -15.356722;-1.964005;118.657472;,
  -16.335450;-2.194660;123.689702;,
  -15.858416;-2.094479;121.905638;,
  -16.759456;-2.323314;125.248115;,
  -15.535458;-1.943305;117.787546;,
  0.069540;12.224904;122.909030;,
  -1.686437;12.059329;122.686054;,
  -17.349381;-2.449538;127.751616;,
  -13.327736;-8.133898;102.273818;,
  -10.733310;-11.947856;100.959053;,
  -17.129370;-7.723700;128.728870;,
  -16.191645;-10.493386;129.981824;,
  -13.768659;-1.624917;113.328960;,
  -14.229162;-0.016331;113.246259;,
  -13.677395;-0.105550;113.318438;,
  -14.208250;-1.640394;113.376179;,
  -9.929592;5.684822;143.094707;,
  -8.201734;4.653815;144.611866;,
  -8.672914;5.587189;143.483213;,
  -9.771293;4.115462;144.976742;,
  -1.191909;4.501648;145.406694;,
  -1.270732;7.125934;142.606131;,
  -2.610594;4.321378;145.537472;,
  0.069540;9.512721;140.117325;,
  -1.350451;9.318513;140.172160;,
  0.069540;7.269368;142.504717;,
  -3.754058;2.157066;147.452710;,
  -3.977280;4.081205;145.690867;,
  -2.409921;2.386474;147.161958;,
  -13.675573;7.966170;101.404749;,
  -13.437082;7.714079;101.268026;,
  -14.344245;-0.484926;117.020480;,
  -14.221846;-1.716203;116.153421;,
  -14.548194;-1.802774;117.166515;,
  -7.617922;9.212796;106.913286;,
  -16.569990;-1.164658;103.085626;,
  -16.842818;-1.118107;103.250842;,
  -1.640446;11.568764;95.130989;,
  0.068400;11.770211;93.848390;,
  -5.195116;11.318587;97.103021;,
  -9.447041;9.930934;99.259597;,
  -9.631865;10.253899;99.370010;,
  -6.096696;10.780686;97.574662;,
  -8.313091;7.096058;141.331712;,
  -13.184842;-15.547395;141.736832;,
  -13.177813;-15.377091;139.107635;,
  -9.652610;-10.351930;121.738496;,
  -11.908347;-7.967718;119.259008;,
  -15.073190;-12.945054;131.990336;,
  -17.349381;-2.449538;127.751616;,
  0.069540;-16.179006;136.990528;,
  -3.373023;-15.760502;136.617075;,
  0.069540;-15.772586;134.412966;,
  -3.349513;-16.081549;139.103104;,
  0.069540;-14.348184;129.559347;,
  -3.056528;-14.447352;131.154637;,
  -2.830413;-13.906298;128.479885;,
  0.069540;-14.677821;130.986906;,
  -11.911112;7.301395;117.866560;,
  -8.997761;10.192506;120.875149;,
  -8.642219;9.521262;120.100710;,
  -7.506144;-14.398382;100.431885;,
  0.069540;-14.508816;128.629248;,
  -2.807210;-14.115090;127.570112;,
  -13.736507;-5.649012;117.906982;,
  -5.526205;-1.475699;149.334707;,
  -8.702955;-2.469873;150.365798;,
  -6.215867;-3.081344;150.766387;,
  -7.083869;0.105311;148.463347;,
  -6.174467;-5.243239;151.570483;,
  -8.582838;-4.899866;150.960474;,
  -8.304169;7.858695;141.056704;,
  -9.596165;7.190442;141.868365;,
  -8.313091;7.096058;141.331712;,
  -7.676448;8.612264;139.813376;,
  -6.884506;8.430566;139.818701;,
  -15.844966;7.558796;130.890048;,
  -16.716774;5.178224;129.388352;,
  -4.498017;11.014523;118.312474;,
  -4.665954;11.230662;121.098086;,
  -13.861437;7.965142;140.694118;,
  -12.873002;7.615428;141.840154;,
  -11.410630;7.646683;142.387110;,
  0.069540;-13.637784;127.807603;,
  -2.717099;-13.306463;126.784563;,
  -13.513658;-1.812457;108.038605;,
  -13.312303;-1.620967;110.061965;,
  -14.548194;-1.802774;117.166515;,
  -17.517677;-12.643896;149.576154;,
  -17.831576;-10.666435;151.903488;,
  -17.454371;-12.835505;149.835021;,
  -17.842155;-10.549717;151.646131;,
  -18.064355;-7.876173;152.531904;,
  -18.323517;-5.047943;153.305075;,
  -17.989872;-7.944351;152.768371;,
  -18.379158;-5.033492;153.062285;,
  -18.379800;0.282752;151.973478;,
  -18.011824;2.578533;149.734899;,
  -18.322771;0.363086;152.225664;,
  -18.115267;2.348882;149.597005;,
  -17.477792;4.158375;146.995981;,
  -16.546755;6.166395;143.847859;,
  -17.409184;4.317994;147.119437;,
  -16.592875;5.967878;143.729050;,
  -18.289379;-2.291722;152.810227;,
  -18.240677;-2.258341;153.055923;,
  -16.127534;6.572236;142.515955;,
  -16.045149;6.883737;142.530957;,
  -11.434874;3.887511;148.692339;,
  -11.387504;4.176040;148.896102;,
  -16.546755;6.166395;143.847859;,
  -15.400635;6.190515;143.992141;,
  -15.770610;5.609575;144.907443;,
  -17.156350;-14.401299;147.030054;,
  -17.149458;-14.647501;147.162394;,
  -9.560727;-14.649131;148.697830;,
  -9.607214;-14.319616;148.488704;,
  -11.111454;5.437034;145.989248;,
  -11.093570;5.751804;146.215424;,
  -8.712841;-15.732485;146.284506;,
  -8.707448;-15.405291;146.112973;,
  -16.836123;-15.537242;144.197952;,
  -16.841869;-15.881573;144.297792;,
  -15.800093;-16.888243;137.440960;,
  -14.360074;-16.638798;136.363712;,
  -14.484005;-17.004147;136.377126;,
  -15.850859;-16.579723;137.449434;,
  -12.203446;5.547248;145.804109;,
  -13.704117;6.028472;144.367987;,
  -13.957758;5.502140;145.359373;,
  -12.022238;6.073251;144.824128;,
  -17.989872;-7.944351;152.768371;,
  -18.323517;-5.047943;153.305075;,
  -10.905951;6.288560;145.249370;,
  -12.478819;-7.864816;153.663859;,
  -14.737878;-5.016420;153.737472;,
  -14.575550;-7.861152;153.177408;,
  -12.567967;-5.009100;154.211354;,
  -11.703884;-16.485474;140.330240;,
  -11.234992;-16.584091;138.248141;,
  -9.078330;-16.498672;140.927181;,
  -7.003141;-16.628038;138.375565;,
  -16.684298;-12.729455;149.646221;,
  -17.149458;-14.647501;147.162394;,
  -16.231202;-14.387912;147.182362;,
  -17.454371;-12.835505;149.835021;,
  -16.572731;-16.174792;142.950938;,
  -16.552867;-15.827909;142.888474;,
  -10.906803;5.957910;145.030963;,
  -15.436523;-15.798106;143.250675;,
  -14.798542;-16.177458;141.247258;,
  -16.572731;-16.174792;142.950938;,
  -15.672867;-16.431360;138.564864;,
  -15.801850;-16.795339;138.642419;,
  -9.366192;-16.233029;142.390016;,
  -8.135884;-16.033931;144.988877;,
  -10.046290;-15.853106;144.297574;,
  -7.321910;-16.411850;143.198413;,
  -17.162555;-10.529141;151.760666;,
  -6.946571;-16.730451;141.798797;,
  -7.242442;-16.045221;143.018202;,
  -6.818925;-16.352499;141.524582;,
  -8.120776;-15.690098;144.806554;,
  -12.566786;-2.246764;154.034765;,
  -6.636359;-16.539869;139.843046;,
  -16.572731;-16.174792;142.950938;,
  -16.552867;-15.827909;142.888474;,
  -18.322771;0.363086;152.225664;,
  -17.560654;0.292222;152.104346;,
  -18.011824;2.578533;149.734899;,
  -15.810592;-15.495429;144.660416;,
  -16.572731;-16.174792;142.950938;,
  -16.841869;-15.881573;144.297792;,
  -12.484674;3.981687;148.544947;,
  -14.476288;-16.437694;139.903565;,
  -14.300822;-16.531723;137.978547;,
  -13.217203;6.810440;142.821350;,
  -14.508997;7.042814;141.846899;,
  -16.841869;-15.881573;144.297792;,
  -17.149458;-14.647501;147.162394;,
  -18.011824;2.578533;149.734899;,
  -17.409184;4.317994;147.119437;,
  0.069590;11.125577;110.647885;,
  -6.020737;-10.813060;151.716608;,
  -5.362778;-7.356434;152.979123;,
  -6.215560;-7.718242;151.837299;,
  -5.325011;-10.217230;152.888000;,
  -5.308680;-5.150456;152.715866;,
  -8.087254;-2.025644;150.298624;,
  -8.090009;-4.606587;151.109632;,
  -5.086328;-12.084022;150.968358;,
  -2.832101;-12.753704;150.722163;,
  0.069540;-12.530871;150.949274;,
  -2.979418;-11.414480;152.489485;,
  -3.185889;-12.142723;151.021235;,
  0.069540;-11.814772;152.431014;,
  -4.947496;-1.778825;150.634138;,
  -5.368908;-3.208510;151.978931;,
  -2.362850;1.812442;147.287642;,
  -3.601811;1.584768;147.551386;,
  -4.181144;9.994370;105.958323;,
  0.069540;4.593174;145.351027;,
  -5.227514;3.754804;145.853926;,
  -17.514282;-2.280030;152.942963;,
  -18.323517;-5.047943;153.305075;,
  -18.240677;-2.258341;153.055923;,
  -12.574273;-15.839962;143.753523;,
  -12.081386;-16.223586;141.756314;,
  -12.889774;-15.533885;145.129843;,
  -14.713435;-2.266864;153.541555;,
